              precision    recall  f1-score   support

           0     1.0000    1.0000    1.0000      2000
           1     0.9960    0.9990    0.9975      2000
           2     0.9861    0.9965    0.9913      2000
           3     0.9975    0.9900    0.9937      2000
           4     0.9975    0.9970    0.9972      2000
           5     0.9985    0.9990    0.9988      2000
           6     0.9970    0.9965    0.9967      2000
           7     0.9990    0.9960    0.9975      2000
           8     1.0000    0.9985    0.9992      2000
           9     0.9970    0.9960    0.9965      2000

    accuracy                         0.9969     20000
   macro avg     0.9969    0.9969    0.9969     20000
weighted avg     0.9969    0.9969    0.9969     20000
