              precision    recall  f1-score   support

           0     1.0000    1.0000    1.0000      1002
           1     0.9956    0.9965    0.9960      1135
           2     0.9923    0.9961    0.9942      1032
           3     0.9931    0.9950    0.9941      1010
           4     0.9919    0.9959    0.9939       982
           5     0.9911    0.9933    0.9922       892
           6     0.9958    0.9948    0.9953       958
           7     0.9961    0.9903    0.9932      1028
           8     0.9969    0.9938    0.9954       974
           9     0.9940    0.9911    0.9926      1009

    accuracy                         0.9947     10022
   macro avg     0.9947    0.9947    0.9947     10022
weighted avg     0.9947    0.9947    0.9947     10022
