              precision    recall  f1-score   support

           0     1.0000    1.0000    1.0000      1602
           1     0.9837    0.9925    0.9881      1334
           2     0.9904    0.9984    0.9944      1240
           3     0.9950    0.9975    0.9963      1207
           4     0.9874    0.9908    0.9891      1191
           5     0.9928    0.9946    0.9937      1107
           6     0.9957    0.9957    0.9957      1157
           7     0.9879    0.9935    0.9907      1237
           8     0.9974    0.9957    0.9966      1174
           9     0.9884    0.9908    0.9896      1202
          10     0.9945    0.9890    0.9917      2000
          11     0.9856    0.9950    0.9903      2000
          12     0.9965    0.9890    0.9927      2000
          13     0.9970    0.9965    0.9967      2000
          14     0.9975    0.9970    0.9972      2000
          15     0.9945    0.9865    0.9905      2000
          16     0.9995    0.9945    0.9970      2000
          17     1.0000    0.9995    0.9997      2000
          18     0.9960    0.9945    0.9952      2000

    accuracy                         0.9942     30451
   macro avg     0.9937    0.9943    0.9940     30451
weighted avg     0.9942    0.9942    0.9942     30451
